# File stores final result of various- models 

Model

Year
No of elements in 4 classes
Correct_predictions Wrong_predictions Accuracy  


Linear Regressor
2013
160 159 159 160
180 458 28.213166144200628
2014
160 159 159 160
484 154 75.86206896551724
2015
160 159 159 160
467 171 73.1974921630094
2016
157 157 157 157
497 131 79.14012738853503

SVM
2013
160 159 159 160
191 447 29.937304075235108
2014
160 159 159 160
495 143 77.58620689655173
2015
160 159 159 160
470 168 73.66771159874608
2016
157 157 157 157
502 126 79.93630573248407

Random Forest
2013
160 159 159 160
638 0 100.0
2014
160 159 159 160
638 0 100.0
2015
160 159 159 160
638 0 100.0
2016
157 157 157 157
628 0 100.0

Random Forest(max_depth=2)
2013
160 159 159 160
245 393 38.4012539184953
2014
160 159 159 160
476 162 74.60815047021944
2015
160 159 159 160
461 177 72.25705329153605
2016
157 157 157 157
487 141 77.54777070063695


With test_train split(20:80)

Random Forest(max_depth=2)
2013
123 121 130 122
131 365 26.411290322580644
2014
127 126 127 127
342 165 67.45562130177515
2015
119 132 125 137
299 214 58.28460038986355
2016
133 116 125 133
332 175 65.48323471400394

Random Forest
2013
124 118 118 122
139 343 28.83817427385892
2014
130 133 132 124
368 151 70.90558766859345
2015
119 126 125 131
343 158 68.46307385229541
2016
125 122 128 118
360 133 73.02231237322515

SVM
2013
127 130 125 136
125 393 24.131274131274132
2014
128 133 132 123
380 136 73.64341085271317
2015
120 132 112 124
354 134 72.54098360655738
2016
125 139 140 120
395 129 75.38167938931298

Linear Regressor
2013
127 133 127 128
126 389 24.466019417475728
2014
128 126 130 122
339 167 66.99604743083005
2015
130 133 119 131
370 143 72.12475633528265
2016
125 128 132 127
393 119 76.7578125




